<HTML>
<TITLE>University of Wyoming - Radiosonde Data</TITLE>
<LINK REL="StyleSheet" HREF="/resources/select.css" TYPE="text/css">
<BODY BGCOLOR="white">
<H2>06610 LSMP Payerne Observations at 00Z 24 Jul 2014</H2>
<PRE>
-----------------------------------------------------------------------------
   PRES   HGHT   TEMP   DWPT   RELH   MIXR   DRCT   SKNT   THTA   THTE   THTV
    hPa     m      C      C      %    g/kg    deg   knot     K      K      K 
-----------------------------------------------------------------------------
 1000.0     99                                                               
  955.0    491   17.4   16.1     92  12.19    240      0  294.4  329.5  296.6
  946.0    573   20.2   14.2     68  10.87    187      5  298.0  329.9  300.0
  945.0    582   20.2   13.2     64  10.19    181      5  298.1  328.1  300.0
  927.0    749   19.6   12.6     64   9.98     72     14  299.2  328.6  301.0
  925.0    768   19.4   12.4     64   9.87     60     16  299.1  328.3  300.9
  920.0    815   19.1   12.2     64   9.76     50     19  299.4  328.2  301.1
  917.0    843   19.0   12.0     64   9.69     53     20  299.5  328.1  301.2
  891.0   1088   17.3   11.4     68   9.58     75     21  300.1  328.6  301.9
  863.0   1361   15.3   10.7     74   9.46     85      8  300.9  329.0  302.6
  850.0   1490   14.4   10.4     77   9.40     60     10  301.2  329.2  302.9
  769.0   2324    8.5    6.7     88   8.06     90     12  303.6  328.0  305.1
  743.0   2611    6.5    5.4     93   7.63    150      2  304.4  327.6  305.8
  741.0   2633    6.3    5.3     93   7.60    215      2  304.5  327.6  305.9
  736.0   2690    5.9    5.1     94   7.51    330      4  304.6  327.5  306.0
  727.0   2792    5.2    4.6     96   7.37    297      4  304.9  327.4  306.2
  700.0   3101    3.6    1.3     85   6.04    195      6  306.4  325.1  307.6
  695.0   3159    3.0    1.3     89   6.09    205     10  306.4  325.2  307.5
  692.0   3194    3.0    1.2     88   6.07    203      9  306.8  325.6  307.9
  680.0   3336    2.6   -3.4     65   4.40    193      7  307.9  321.8  308.7
  674.0   3408    3.0  -15.0     25   1.78    188      5  309.1  315.0  309.4
  669.0   3468    2.8  -20.2     17   1.15    184      4  309.5  313.5  309.8
  663.0   3541    2.6  -21.4     15   1.05    179      3  310.1  313.7  310.3
  658.0   3601    2.2  -21.9     15   1.02    175      2  310.4  313.9  310.6
  632.0   3922    0.3  -24.4     14   0.85    335      2  311.7  314.7  311.9
  604.0   4283   -1.9  -27.1     13   0.69    150      2  313.3  315.8  313.4
  596.0   4390   -2.5  -28.0     12   0.65    330      4  313.7  316.1  313.9
  570.0   4745   -4.7  -30.7     11   0.52    332      3  315.2  317.1  315.3
  519.0   5471  -10.2  -38.4      8   0.27    335      0  317.1  318.1  317.2
  517.0   5501  -10.4  -38.7      8   0.26      0      0  317.2  318.2  317.2
  516.0   5516  -10.6  -38.9      8   0.26    130      0  317.2  318.2  317.3
  501.0   5745  -12.3  -41.3      7   0.21    340      7  317.8  318.6  317.8
  500.0   5760  -12.5  -40.5      8   0.22    330      8  317.7  318.6  317.8
  480.0   6071  -14.3  -29.3     27   0.71    318      9  319.2  321.8  319.4
  469.0   6247  -15.7  -34.7     18   0.43    311     10  319.6  321.2  319.7
  467.0   6279  -16.0  -31.0     26   0.62    310     10  319.7  322.0  319.8
  463.0   6344  -16.5  -23.5     55   1.25    306     10  319.8  324.2  320.1
  456.0   6458  -17.5  -17.6     99   2.12    300     11  319.9  327.2  320.4
  448.0   6591  -18.7  -18.7    100   1.96    293     12  320.1  326.8  320.4
  443.0   6675  -18.9  -18.9    100   1.95    288     12  320.8  327.6  321.2
  433.0   6845  -19.5  -23.4     71   1.35    278     14  322.2  327.0  322.4
  427.0   6949  -20.3  -25.3     64   1.15    272     14  322.4  326.6  322.7
  405.0   7339  -23.1  -26.9     71   1.05    250     17  323.7  327.5  323.9
  402.0   7394  -23.5  -30.5     53   0.76    247     17  323.9  326.7  324.1
  400.0   7430  -23.9  -37.9     26   0.37    245     17  323.8  325.3  323.9
  398.0   7466  -24.1  -66.1      1   0.01    248     19  324.1  324.1  324.1
  390.0   7614  -24.9  -66.9      1   0.01    260     25  324.9  324.9  324.9
  374.0   7916  -27.5  -34.5     51   0.55    260     24  325.4  327.4  325.5
  363.0   8130  -28.9  -52.9      8   0.08    260     22  326.3  326.6  326.3
  355.0   8288  -30.2  -44.1     25   0.22    260     21  326.6  327.5  326.6
  352.0   8349  -30.7  -40.7     37   0.31    259     22  326.7  327.9  326.8
  334.0   8719  -33.5  -49.5     18   0.13    254     28  327.8  328.4  327.9
  326.0   8888  -34.9  -40.9     54   0.33    252     31  328.2  329.5  328.2
  319.0   9038  -36.3  -39.3     74   0.40    250     33  328.3  329.9  328.4
  313.0   9170  -37.5  -37.9     96   0.47    250     30  328.4  330.2  328.5
  307.0   9302  -38.9  -42.1     72   0.31    250     26  328.3  329.5  328.3
  305.0   9347  -39.2  -42.5     71   0.30    250     25  328.5  329.6  328.5
  300.0   9460  -39.9  -43.4     69   0.28    250     33  329.0  330.1  329.1
  295.0   9575  -40.9  -45.9     58   0.21    248     33  329.2  330.0  329.2
  275.0  10049  -45.3  -49.5     63   0.15    240     30  329.5  330.1  329.5
  273.0  10098  -45.9  -50.3     61   0.14    239     30  329.3  329.9  329.3
  264.0  10321  -47.7  -53.4     52   0.10    235     29  329.9  330.3  329.9
  262.0  10372  -48.1  -54.1     50   0.09    236     29  330.0  330.4  330.0
  250.0  10680  -50.3  -56.3     49   0.07    245     31  331.1  331.5  331.2
  238.0  10998  -52.8  -59.5     44   0.05    245     37  332.1  332.3  332.1
  232.0  11163  -54.1  -61.1     42   0.04    250     36  332.5  332.7  332.5
  221.0  11473  -55.3  -62.3     41   0.04    260     33  335.3  335.5  335.3
  214.0  11677  -55.5  -63.5     36   0.03    274     28  338.1  338.3  338.1
  211.0  11768  -55.0  -63.5     34   0.04    280     25  340.2  340.4  340.2
  200.0  12110  -53.3  -63.3     29   0.04    295     33  348.2  348.4  348.2
  199.0  12142  -52.7  -63.7     25   0.04    295     33  349.6  349.8  349.7
  190.0  12441  -51.7  -63.7     22   0.04    299     34  355.9  356.1  355.9
  180.0  12792  -51.5  -65.5     17   0.03    303     36  361.8  361.9  361.8
  174.0  13012  -51.6                         305     37  365.1         365.1
  172.0  13087  -51.7                         305     33  366.2         366.2
  167.0  13277  -52.3                         305     23  368.3         368.3
  160.0  13554  -53.1                         308     26  371.5         371.5
  157.0  13676  -52.9                         310     27  373.9         373.9
  153.0  13842  -52.5                         300     17  377.2         377.2
  150.0  13970  -52.3                         295     21  379.8         379.8
  149.0  14013  -51.9                         295     22  381.2         381.2
  136.0  14602  -53.9                         300     27  387.7         387.7
  131.0  14843  -54.7                         306     21  390.4         390.4
  124.0  15195  -54.7                         315     12  396.6         396.6
  111.0  15904  -54.7                         315     12  409.4         409.4
  100.0  16570  -56.1                         315     12  419.1         419.1
   99.9  16576  -56.3                         316     12  418.8         418.8
   84.7  17626  -55.1                          41      9  441.4         441.4
   76.5  18274  -56.1                          94      7  452.4         452.4
   73.8  18503  -54.7                         112      6  460.0         460.0
   72.0  18660  -55.2                         125      6  462.3         462.3
   70.0  18840  -55.7                         130      6  464.9         464.9
   68.6  18969  -55.9                         142      5  467.1         467.1
   67.0  19119  -55.6                         155      4  471.0         471.0
   65.0  19312  -55.2                           0      0  476.0         476.0
   64.0  19411  -54.9                         305      4  478.6         478.6
   63.8  19431  -54.9                         296      4  479.1         479.1
   60.0  19823  -55.2                         125      4  486.8         486.8
   55.4  20331  -55.7                          43      7  497.0         497.0
   55.0  20378  -55.3                          35      8  498.9         498.9
   52.5  20676  -52.9                          59     11  511.2         511.2
   51.2  20837  -53.5                          73     12  513.5         513.5
   50.0  20990  -52.3                          85     14  519.8         519.8
   49.3  21081  -51.7                          88     15  523.3         523.3
   43.0  21963  -52.9                         115     25  541.3         541.3
   41.8  22146  -53.1                         124     17  545.1         545.1
   41.0  22272  -52.2                         130     12  550.4         550.4
   40.0  22432  -51.0                         105      8  557.2         557.2
   37.9  22783  -48.5                         106     10  572.3         572.3
   31.9  23909  -50.5                         109     18  595.8         595.8
   30.0  24310  -49.5                         110     21  609.1         609.1
   29.5  24420  -49.9                         109     21  610.9         610.9
   28.0  24763  -46.9                         108     20  628.4         628.4
   27.1  24979  -48.1                         107     19  631.0         631.0
   23.7  25865  -46.5                         102     15  660.3         660.3
   22.2  26298  -47.5                         100     14  669.7         669.7
   22.0  26358  -47.3                         100     14  672.0         672.0
   20.8  26730  -46.1                         100     19  686.5         686.5
   20.0  26990  -46.7                         100     23  692.5         692.5
   19.7  27090  -47.1                         100     25  694.2         694.2
   17.0  28073  -45.4                          95     37  729.7         729.7
   16.1  28435  -44.7                          96     34  743.2         743.2
   14.0  29378  -41.7                          97     27  783.7         783.7
   12.5  30145  -42.7                          99     20  806.0         806.0
   11.0  31011  -42.0                         100     14  838.7         838.7
   10.9  31072  -41.9                          98     15  841.0         841.0
   10.4  31392  -40.1                          85     23  859.0         859.0
   10.0  31660  -40.5                          75     29  867.2         867.2
    9.7  31867  -41.1                          77     31  872.5         872.5
    8.9  32457  -37.3                          83     37  908.9         908.9
    8.4  32856  -36.7                          87     41  926.4         926.4
    8.2  33024  -35.1                          88     43  939.1         939.1
    8.0  33196  -35.1                          90     45  945.8         945.8
    7.5  33645  -35.1                          91     45  963.4         963.4
    7.0  34129  -31.9                          92     45  995.8         995.8
    6.1  35102  -31.3                          95     45 1038.3        1038.3
    6.0                                        95     45                     
</PRE><H3>Station information and sounding indices</H3><PRE>
                         Station identifier: LSMP
                             Station number: 6610
                           Observation time: 140724/0000
                           Station latitude: 46.81
                          Station longitude: 6.95
                          Station elevation: 491.0
                            Showalter index: -0.80
                               Lifted index: -0.43
    LIFT computed using virtual temperature: -0.88
                                SWEAT index: 168.00
                                    K index: 35.00
                         Cross totals index: 22.90
                      Vertical totals index: 26.90
                        Totals totals index: 49.80
      Convective Available Potential Energy: 17.59
             CAPE using virtual temperature: 38.58
                      Convective Inhibition: -89.64
             CINS using virtual temperature: -83.45
                           Equilibrum Level: 436.05
 Equilibrum Level using virtual temperature: 435.07
                   Level of Free Convection: 728.95
             LFCT using virtual temperature: 731.92
                     Bulk Richardson Number: 2.60
          Bulk Richardson Number using CAPV: 5.69
  Temp [K] of the Lifted Condensation Level: 284.57
Pres [hPa] of the Lifted Condensation Level: 844.62
     Mean mixed layer potential temperature: 298.65
              Mean mixed layer mixing ratio: 10.16
              1000 hPa to 500 hPa thickness: 5661.00
Precipitable water [mm] for entire sounding: 26.84
</PRE>
<P>Description of the 
<A HREF="/upperair/columns.html">data columns</A>
or <A HREF="/upperair/indices.html">sounding indices</A>.

<P>
<FORM>
<INPUT CLASS="button" TYPE="button" VALUE=" Close this window " 
 onClick="window.close();">
<INPUT CLASS="button" TYPE="button" VALUE=" Select another map " 
 onClick="window.blur();">
</FORM>
<HR SIZE="1">
<I>Interested in graduate studies in atmospheric science?
Check out our program at the
<a href="http://www.uwyo.edu/atsc/howtoapply/"
target=_top>University of Wyoming
</a></I>
<HR SIZE="1"><FONT SIZE="-1">
Questions about the weather data provided by this site can be
addressed to <A HREF="mailto:ldoolman@uwyo.edu">
Larry Oolman (ldoolman@uwyo.edu)</A></FONT>
<HR SIZE="1">
<SCRIPT TYPE="text/javascript">
<!--
window.focus();
// -->
</SCRIPT>
</BODY>
</HTML>
